2401.72222222
2416.34520705
2691.56226583
5368.83292181
13773.7717255
20046.5635149
34203.5408097
38928.4420135
51089.5981498
61507.4062542
58186.3667505
53070.5206536
67334.6749928
15561.2192932
30034.249936
49564.2071092
14405.1357098
23521.3920367
22880.6626174
25110.2248297
42128.2898089
52237.0454073
25158.6515108
48336.3004158
13437.3782731
30544.4187706
29787.5473303
32863.3178131
46659.4035917
33566.8073746
26921.6017136
33245.4076999
18619.8116105
47511.9691366
35081.66902
55020.8649242
59074.642354
49661.8339418
61897.9878449
53647.1474063
45362.9727947
19919.4596697
38035.3958204
31244.4561051
32126.7468598
43025.025377
57484.3007789
37077.1361037
59520.3725723
55873.245379
81468.9964971
39184.0416624
75417.555105
69226.7469646
68705.5589977
73249.1984171
70034.0501181
58359.7255789
87794.1451241
56017.0000466
85904.1534614
72717.5616581
53609.6331447
94101.2041161
111298.475399
108631.147515
75039.2997788
64279.4311776
79348.7568651
50133.1365475
67117.7222244
55922.2083785
81704.2938296
79887.3272154
99393.6741476
81317.5558977
79671.2042607
56326.6965061
87058.1841587
75643.0866819
52456.9927282
84937.1621995
68882.9516342
72798.9551686
100314.303329
85748.2450552
88937.1251194
65220.1871497
59999.7122202
98932.7730194
73633.3920714
73208.8659588
93246.0511099
81522.3995978
62561.1120911
74108.6647744
58352.658852
45999.2658916
80876.2589418
55405.1434125
73787.519247
107583.072496
70209.3358196
73397.4203718
79766.8448415
29147.4238105
90037.0552908
64162.2681445
64028.3189673
70021.6080229
54030.3804472
60940.5642047
62667.2811916
74602.6773286
83826.6477092
105328.932845
112407.830941
121181.010681
114580.111473
69470.1931408
71824.1780477
108235.886858
89869.4325307
79551.0454146
82698.8707635
64100.542702
57058.1293284
61269.498192
56824.3216745
111074.971385
89417.0246557
82845.3134796
138968.045978
122875.887512
100592.063042
89444.508461
62019.5361886
68735.6708794
73197.4774982
93148.8918185
72460.9517647
86319.1344011
81831.3613728
90286.2000435
78038.7495764
80686.9376521
79989.8701876
83795.9913671
129752.271564
136169.04778
63097.7405898
134458.920559
117811.219502
121306.710985
75276.4986684
156439.170625
168597.751922
145503.988783
176015.330064
87678.3018901
89686.8558372
114263.481341
94771.3287719
80872.2580207
51893.4055358
101924.011741
33214.4383152
77086.5092326
66764.9681913
89900.8299961
80636.1958636
96107.161624
93547.6534108
110165.265539
125899.135105
91768.6339241
134909.00716
67652.7943353
118104.253914
140881.777383
104000.247159
165441.380819
191124.303238
143445.35027
143116.295904
149965.343134
142212.75396
102562.178616
149364.305577
87136.7316126
107339.307857
118625.142065
133313.924822
130659.421156
126677.101507
116165.213386
108494.847582
98203.2514044
80777.2884409
93776.4149321
109215.841227
110704.39152
139332.28102
166582.920731
162397.300692
206145.307933
160568.664587
139055.967519
122564.010477
133846.631291
131673.132768
126401.130051
134402.440686
174566.391651
141108.995783
112483.471502
107342.01165
89151.0722848
105636.255775
72595.2574567
117253.795882
101967.779634
115037.892836
140107.377686
116518.546336
107859.495033
143468.100359
141738.422414
138993.66941
121899.225355
166966.576355
116905.197084
88395.0695814
141054.207606
132630.739802
139698.579229
159256.59957
158420.753035
188674.46996
86418.0547537
117177.368667
87610.8557062
98924.5026244
151177.518007
118194.581529
86577.7686597
140759.159711
95394.9401789
126295.195344
126177.178136
140854.183449
163359.755539
178632.240059
137459.856329
194076.558987
157018.917086
107635.687907
130768.620932
146225.041769
93382.2607996
124414.231968
141886.085323
132212.641538
90788.5175924
76848.7176417
47222.5143815
72264.7570577
77245.4221161
85524.4042385
45412.1750507
60632.504567
73428.0260132
129076.216107
92493.5674379
82091.1447118
116200.334797
124163.464981
119777.105727
154160.215353
141477.623213
95220.8823809
114407.858553
132177.397303
106100.613532
141605.116304
118839.487639
132008.817141
34798.4039382
131009.913609
101276.838376
110893.033696
124370.131175
136565.594035
158455.758118
132880.583545
152078.669465
138753.809192
107996.525189
106045.320294
117803.875266
115937.427179
176136.031779
167385.660268
120046.700583
122341.301804
131401.164041
153517.348658
129857.423719
144340.328019
173686.945475
100929.68565
107599.918861
129438.857467
80754.4341042
107896.386459
80776.293601
59584.3673841
60771.2057427
89370.5539771
121733.542304
124814.22421
106426.600617
64702.5148696
122050.429263
112610.8221
151551.305625
144933.011897
113827.492334
106718.366637
98007.0152607
110345.975851
96316.1975629
153298.635361
146866.66746
106582.222499
96241.8797606
41336.8126718
79053.2329186
69406.9878124
96381.9826851
70388.6619183
92465.9985099
121674.228964
98489.8084065
93980.3026946
91702.8916695
109638.50453
110329.161344
127265.55935
117726.428528
114513.91793
107734.903585
134876.3044
74324.1446852
87571.8537684
106216.710176
89200.8131069
77622.72254
118923.995656
79106.140452
74961.4958418
74093.5278194
122455.504783
55804.4214544
87527.8569827
115202.952531
103860.798406
65546.7564058
111235.46182
103308.880926
128854.469534
143440.680935
192162.142489
156773.356473
197884.764215
113082.017319
108576.613027
95866.3036018
72839.1325541
123541.892949
91759.0506085
117442.954495
134074.913115
132354.522217
50742.0483523
94020.9056121
36749.9308527
60489.0431575
99065.1930681
32925.7765053
78389.2591418
79347.4165973
92632.8215203
96996.7952627
108932.913315
102472.201058
104443.11383
128288.655234
204278.340534
140098.619918
137338.672754
136409.027821
160033.566914
145266.990409
131769.830495
129803.689104
154247.948762
121973.435614
84398.1520538
62867.9190284
49047.7143567
96621.892936
98436.2173129
55805.1374484
89433.336289
52071.5440551
58582.5869568
73307.2965522
102536.606737
75599.0842828
90941.0979173
129859.350169
74848.658137
89490.9287575
93422.905156
115045.611532
63833.6909216
77839.2109167
88807.7928553
105511.075339
124369.402563
89321.8829494
109822.761021
78771.3370418
89605.8703335
62946.5635868
111665.185761
113954.769279
122032.308994
135816.337648
100533.149987
112169.284624
120972.644712
81615.2178477
104919.112906
161863.027089
118170.675501
116368.404468
110816.828738
98274.8755378
112594.998668
110846.285999
145036.722239
82528.0038046
74106.5753662
95447.5334938
101727.083328
98324.3877828
121972.696921
115887.811931
79883.3264284
105506.462141
93514.6088288
121197.964002
98409.8604599
87110.8869666
87254.4141206
115401.530508
125370.176619
117019.768189
105024.713318
133365.150294
70544.4060296
123542.555446
132705.89991
83808.6018006
82213.6509856
95645.0607323
103549.480776
80453.0496171
75900.2108866
86753.6648166
74098.0904848
83254.6933895
84069.0980868
80875.9538364
69180.6023452
43980.7676466
74952.3447786
64842.7540323
82656.9959641
67261.9244331
106984.711759
97672.82979
51443.7024967
86062.8217178
75485.7072728
69008.1730332
73298.681795
78360.8820285

