2.0
2.0
2.0
2.0
2.0
2.0
2.0
2.0
2.0
2.0
2.0
2.0
2.0
2.0
2.0
2.0
2.0
2.0
2.0
2.0
2.0
2.0
2.0
2.0
4.0
4.0
5.0
10.0
9.0
8.0
3.0
17.0
2.0
2.0
2.0
2.0
3.0
2.0
2.0
2.0
2.0
2.0
2.0
2.0
10.0
13.0
17.0
14.0
17.0
9.0
7.0
8.0
27.0
42.0
22.0
26.0
2.0
2.0
2.0
7.0
5.0
21.0
12.0
31.0
16.0
2.0
4.0
20.0
27.0
57.0
6.0
81.0
11.0
29.0
46.0
27.0
31.0
35.0
25.0
31.0
8.0
6.0
5.0
3.0
13.0
7.0
7.0
12.0
5.0
9.0
4.0
19.0
2.0
6.0
38.0
13.0
7.0
3.0
5.0
11.0
15.0
4.0
14.0
10.0
5.0
19.0
8.0
41.0
11.0
77.0
6.0
45.0
15.0
42.0
59.0
56.0
10.0
66.0
2.0
11.0
10.0
23.0
11.0
6.0
8.0
62.0
98.0
90.0
18.0
30.0
30.0
6.0
48.0
62.0
123.0
111.0
10.0
31.0
8.0
56.0
54.0
66.0
80.0
16.0
30.0
14.0
11.0
123.0
211.0
165.0
37.0
150.0
78.0
31.0
14.0
9.0
32.0
3.0
26.0
72.0
5.0
20.0
12.0
9.0
66.0
68.0
48.0
21.0
5.0
66.0
59.0
69.0
74.0
50.0
11.0
27.0
82.0
29.0
23.0
32.0
59.0
61.0
29.0
51.0
28.0
7.0
14.0
11.0
5.0
27.0
22.0
34.0
49.0
43.0
72.0
49.0
10.0
110.0
21.0
105.0
58.0
44.0
22.0
85.0
22.0
68.0
146.0
152.0
35.0
10.0
10.0
52.0
23.0
68.0
18.0
9.0
21.0
12.0
89.0
105.0
106.0
24.0
124.0
137.0
21.0
73.0
79.0
113.0
15.0
87.0
56.0
143.0
111.0
59.0
9.0
131.0
167.0
109.0
57.0
119.0
142.0
65.0
75.0
98.0
65.0
88.0
126.0
199.0
37.0
47.0
46.0
28.0
61.0
41.0
90.0
84.0
20.0
50.0
34.0
5.0
24.0
110.0
117.0
101.0
34.0
89.0
29.0
83.0
18.0
102.0
119.0
302.0
41.0
66.0
4.0
44.0
80.0
57.0
91.0
110.0
20.0
58.0
21.0
23.0
96.0
68.0
52.0
43.0
57.0
63.0
85.0
106.0
11.0
43.0
133.0
91.0
61.0
78.0
23.0
47.0
61.0
44.0
50.0
77.0
46.0
7.0
13.0
14.0
93.0
81.0
60.0
29.0
5.0
4.0
16.0
16.0
17.0
6.0
4.0
30.0
19.0
30.0
41.0
34.0
15.0
23.0
63.0
20.0
13.0
10.0
61.0
75.0
55.0
43.0
59.0
166.0
44.0
80.0
51.0
62.0
67.0
90.0
158.0
108.0
68.0
23.0
139.0
128.0
99.0
108.0
209.0
138.0
24.0
42.0
21.0
60.0
115.0
100.0
68.0
48.0
104.0
63.0
139.0
79.0
21.0
247.0
232.0
159.0
130.0
22.0
12.0
10.0
16.0
10.0
46.0
58.0
16.0
50.0
36.0
45.0
33.0
60.0
20.0
49.0
43.0
53.0
8.0
65.0
98.0
17.0
12.0
152.0
26.0
25.0
69.0
85.0
67.0
30.0
47.0
146.0
60.0
33.0
56.0
106.0
115.0
28.0
149.0
52.0
111.0
156.0
50.0
23.0
185.0
43.0
180.0
136.0
59.0
30.0
19.0
9.0
139.0
114.0
184.0
164.0
38.0
28.0
43.0
12.0
73.0
11.0
104.0
144.0
60.0
12.0
66.0
60.0
47.0
119.0
58.0
33.0
10.0
40.0
21.0
66.0
73.0
88.0
30.0
60.0
68.0
13.0
48.0
47.0
24.0
3.0
67.0
126.0
25.0
12.0
114.0
38.0
109.0
188.0
26.0
44.0
24.0
53.0
54.0
36.0
10.0
119.0
18.0
17.0
33.0
10.0
25.0
24.0
28.0
13.0
42.0
45.0
39.0
47.0
84.0
71.0
104.0
113.0
143.0
165.0
34.0
19.0
71.0
49.0
10.0
14.0
169.0
97.0
24.0
38.0
15.0
52.0

