1.0
7.0
6.0
1.0
8.0
0.0
7.0
6.0
5.0
13603.228508171573
8.0
4.0
7.0
0.0
2.0
8.0
0.0
3.0
8.0
1.0
9.0
9.0
2.0
2.0
2.0
6.0
0.0
13617.647660436853
2.0
3.0
2.0
2.0
1.0
3.0
6.0
27435.676410417436
0.0
2.0
5.0
13573.85326869041
54279.30672607224
2.999999999992724
5.999999999992724
8.999999999992724
8.999999999992724
7.999999999992724
5.999999999992724
8.999999999992724
3.999999999992724
1.999999999992724
5.999999999992724
7.999999999992724
2.999999999992724
3.999999999992724
0.999999999992724
27751.79591445464
27747.471526117046
53647.76901293681
26793.12089333768
27142.101514587175
1.999999999992724
8.999999999992724
54534.40964805104
6.999999999992724
27260.729144037756
8.999999999992724
2.999999999992724
27603.622664622173
0.999999999992724
24807.332988334827
1.999999999992724
-7.275957614183426e-12
8.999999999992724
26521.491222167046
27779.927938889257
0.999999999992724
27569.172530635235
27213.382680614475
27347.837253491387
27292.032172288462
3.999999999992724
5.999999999992724
2.999999999992724
8.999999999992724
27511.773772899985
27444.696574646296
2.999999999992724
-7.275957614183426e-12
-7.275957614183426e-12
26634.971911147233
5.999999999992724
27295.433826921908
26129.871499667788
54826.06771878186
40288.68934084223
27314.068767215933
26739.12381778098
80913.58642735152
27502.31686921118
0.999999999996362
5.999999999996362
8.999999999996362
26844.57942246733
8.999999999996362
27169.44440546862
1.999999999996362
2.999999999996362
1.999999999996362
5.999999999996362
6.999999999996362
3.999999999996362
3.999999999996362
55229.41466984853
26891.32008127869
4.000000000003638
54017.414183229994
3.0
53904.11679321437
6.0
8.0
39452.91530175935
9.0
26696.362398767353
1.0
9.0
8.0
68353.76371771713
1.0
6.0
13767.074986695594
24974.529082254936
27706.345018920492
7.0
27204.305104063824
8.0
26559.46275365151
26788.460261604054
27493.355257465235
26680.692562826884
27146.16880425718
6.0
4.0
26953.0034319131
5.0
3.0
9.0
53872.80792720271
80698.49755566785
26820.59867923781
27225.25775769581
5.999999999989086
13316.507640163403
1.999999999989086
54633.41578437408
26790.360877281513
7.999999999985448
1.999999999985448
54443.67383964451
27047.025427446144
4.999999999985448
26736.573464414025
27255.698791008224
27254.274214120163
27102.924165953067
-1.4551915228366852e-11
6.999999999985448
54278.35456794758
26329.158526604457
-1.4551915228366852e-11
27762.36729772712
27299.917162437756
54368.9638062459
6.999999999985448
2.999999999985448
0.9999999999854481
-1.4551915228366852e-11
4.999999999985448
26964.9220155979
-1.4551915228366852e-11
7.999999999985448
1.999999999985448
27394.97820336277
4.999999999985448
81221.86344976285
26807.423203381695
2.99999999998181
6.99999999998181
8.99999999998181
7.99999999998181
27428.54868616932
6.99999999998181
5.99999999998181
8.99999999998181
13775.883518396859
3.99999999998181
2.99999999998181
1.99999999998181
26771.62690862732
27196.096229548548
6.99999999998181
26806.68829728025
80157.25054540369
3.999999999970896
27406.767441645236
40801.65393987676
27333.87223479335
7.999999999967258
39376.713118512154
3.99999999996362
80490.63443667488
53492.69550517536
3.99999999996362
7.99999999996362
12928.591763602719
27398.391881946438
26885.676508884502
13571.535278392133
4.99999999996362
54262.585896448734
8.99999999996362
6.99999999996362
80571.63488986838
54326.24751800777
27141.72292506723
26968.62720634384
39658.56520822779
53718.641444047025
-1.4551915228366852e-11
3.999999999985448
6.999999999985448
-1.4551915228366852e-11
53598.17864496156
54634.114038597894
53741.23260763038
26477.30940484019
54900.394696608346
27685.15075444384
26528.94894219335
26859.08091818181
26651.440110256877
26740.864704464715
6.99999999998181
2.99999999998181
27125.771209446695
12660.351478845309
1.99999999998181
26698.992663625053
26977.060377521277
53824.015920086866
26706.44618266556
26738.53468809775
1.99999999998181
27697.998266166862
8.99999999998181
4.99999999998181
54741.6964743274
54115.45508747973
80706.52703850286
27527.8760802053
7.99999999998181
54387.79812539181
27650.89879131174
26799.996616337434
5.999999999985448
4.999999999985448
26512.21452376456
26578.82221775594
27352.82458482439
26553.343919735184
0.9999999999818101
7.99999999998181
26996.81311717737
0.9999999999818101
4.99999999998181
27457.052875143316
5.99999999998181
1.99999999998181
6.99999999998181
26523.457392556575
13712.638091605706
27104.100393724493
54628.82191533382
53220.32935435072
7.999999999985448
53893.82338324663
26983.681277389318
27690.15515934781
26916.346378433416
3.99999999998181
27016.872583791133
2.99999999998181
26790.24829097993
27366.458734199412
54873.41994160268
1.999999999985448
3.999999999985448
81053.35406941034
26735.989815053428
1.999999999985448
8.999999999985448
27235.077045418428
2.999999999985448
1.999999999985448
27533.224168087854
54307.44704029897
27013.33759323007
26810.17491202599
26731.084953993603
-1.8189894035458565e-11
27530.92604570648
54231.672233125806
-1.4551915228366852e-11
3.999999999985448
1.999999999985448
3.999999999985448
5.999999999985448
-1.4551915228366852e-11
26546.865299968038
27117.296456676053
54118.38970893048
26576.746395256854
54124.15523314403
27548.30890905937
7.999999999985448
-1.4551915228366852e-11
54233.80132515142
1.999999999985448
26869.683303730322
82043.04514833403
27172.825976075663
1.999999999985448
81742.20503018431
26501.751814669813
40606.13122100525
2.999999999970896
3.999999999970896
4.999999999970896
26553.237082215306
12629.759901371714
27150.33438465833
27532.858174583438
27540.219111223676
-2.9103830456733704e-11
27410.6426903429
13531.457899771603
26878.47451609239
54239.21229627065
55283.957484706174
54778.82223480291
27080.82181081778
26901.166361096733
53645.384356498136
8.999999999970896
55173.547562001826
27055.603971211844
4.999999999974534
53355.46432608101
27680.538668916535
27584.653159301095
13458.569575551868
26889.498215018117
26769.886487462027
6.999999999970896
27434.575382533327
1.9999999999708962
6.999999999970896
55257.8823719695
5.999999999970896
4.999999999970896
5.999999999970896
26702.92317613025
5.999999999970896
13371.591241892544
4.999999999970896
27518.993200946716
6.999999999970896
4.999999999970896
27777.313792721692
2.999999999970896
40301.82975432793
6.999999999970896
54249.84927512946
27421.642297167065
27702.00714317138
7.999999999967258
54684.191381774086
27775.977977307564
6.999999999970896
26575.865546972782
27640.623628088037
26557.611045282305
5.999999999970896
26928.392914246164
25831.54307222697
27690.733039926712
7.999999999970896
0.9999999999708962
27743.03714482965
53994.10906042356
27065.37884190805
81619.36441825496
4.999999999970896
54600.24924868507
26997.099820976327
5.999999999967258
5.999999999967258
67880.5006337122
27530.815533955552
4.999999999967258
27054.88181101639
1.9999999999672582
27265.623590808493
2.999999999967258
4.999999999967258
6.999999999967258
1.9999999999672582
26577.762746314485
54293.5694143532
-2.9103830456733704e-11
0.9999999999708962
1.9999999999708962
2.999999999970896
26995.147976391436
27265.54170682082
1.9999999999708962
8.999999999970896
2.999999999970896
54000.75832838152
54061.75971986004
3.999999999970896
27686.505189493077
3.999999999970896
26821.07293163293
26651.675645418436
54060.83249134476
26808.745850941497
0.9999999999672582
54488.861057759656
1.9999999999708962
26635.47982756264
2.999999999970896
26590.68997391081
7.999999999970896
27009.20130890238
0.9999999999708962
8.999999999970896
26617.084143910204
27069.19730088298
80829.00313675072
6.999999999956344
53747.73501359773
-4.3655745685100555e-11
2.9999999999563443
53792.04027236598
6.999999999956344
0.9999999999563443
53973.68151849406
27544.179248896733
13056.779195187932
5.999999999956344
12763.033155100937
5.999999999956344
25969.517153921144
27211.71745722789
26856.659447691363
107745.45040018721
0.9999999999563443
55017.324920535
1.9999999999563443
5.999999999956344
7.999999999956344
0.9999999999563443
26762.719003202314
27199.398036454328
26798.17814068654
-4.3655745685100555e-11
3.9999999999563443
7.999999999956344
26891.217529404163
1.9999999999563443
13855.85992548634
54363.54375987865
27368.34820401387
8.999999999956344
26932.899015228882
26539.798971302767
3.9999999999563443
26748.517925389075
80820.61901635483
54410.76727535426
39964.87795305784
5.99999999996362
13724.596870556934
0.9999999999636202
-3.637978807091713e-11
27527.05786215976
4.99999999996362
8.99999999996362
3.99999999996362
54112.00684241126

